Red
rgb(239, 87, 119)
rgb(245, 59, 87)
rgb(255, 94, 87)
rgb(255, 63, 52)
rgb(250, 177, 160)
rgb(214, 48, 49)
rgb(225, 112, 85)s
rgb(255, 118, 117)

yellow
rgb(255, 192, 72)
rgb(255, 221, 89)
rgb(255, 211, 42)
rgb(255, 168, 1)
rgb(255, 234, 167)
rgb(253, 203, 110)

green
rgb(11, 232, 129)
rgb(5, 196, 107)
rgb(26, 188, 156)
rgb(22, 160, 133)
rgb(39, 174, 96)
rgb(46, 204, 113)
rgb(0, 184, 148)
rgb(85, 239, 196)


Blue&green mix
rgb(52, 231, 228)
rgb(129, 236, 236)
rgb(0, 216, 214)
rgb(0, 206, 201)

blue
rgb(75, 207, 250)
rgb(9, 132, 227)
rgb(15, 188, 249)
rgb(116, 185, 255)

pink
rgb(253, 121, 168)
rgb(232, 67, 147)